NAME	= rivernetwork
DESCRIPTION	= 
UNIT	= 
DATAFORMAT	= SHORTINT
DATAFILE_OFFSET	= 0
BYTEORDER_BIG	= FALSE
TOPTOBOTTOM	= FALSE
POSITION_XMIN	= -2957794.8949412321671844
POSITION_YMIN	= 1168421.3887164695188403
CELLCOUNT_X	= 2961
CELLCOUNT_Y	= 3215
CELLSIZE	= 784.1017443688504045
Z_FACTOR	= 1.000000
Z_OFFSET	= 0.000000
NODATA_VALUE	= 0.000000;0.000000
